0 1 0 0 40.9700 0.1639
0 1 0 0 16.1810 0.2500
1 1 0 0 16.0030 0.2500
100 1 0 0 16.2070 0.2500
100 1 0 0 16.2940 0.2500
125 1 0 0 16.0710 0.2500
299 0 0 1 100.0660 0.0000
299 1 0 0 17.3630 0.2500
100 1 0 0 16.2450 0.2500
1 1 0 0 15.7290 0.2500
0 1 0 0 16.1730 0.2500
0 1 0 0 16.5780 0.2500
10 1 0 0 15.7500 0.2500
299 1 0 0 16.9100 0.2500
100 1 0 0 16.1000 0.2500
10 1 0 0 15.7900 0.2500
69 1 0 0 15.6240 0.2500
69 1 0 0 15.6160 0.2500
69 1 0 0 15.8230 0.2500
69 1 0 0 15.5610 0.2500
69 1 0 0 15.6630 0.2500
0 1 0 0 16.6060 0.2500
0 1 0 0 16.3320 0.2500
1 1 0 0 15.8060 0.2500
10 1 0 0 15.7380 0.2500
299 1 0 0 18.1450 0.2500
299 1 0 0 18.1260 0.2500
299 1 0 0 17.1670 0.2500
299 1 0 0 17.8010 0.2500
299 1 0 0 18.0020 0.2500
299 1 0 0 16.8580 0.2500
0 1 0 0 16.3640 0.2500
0 1 0 0 16.6320 0.2500
0 0 1 0 7.2670 0.0000
0 1 0 0 16.9370 0.2500
0 1 0 0 16.6150 0.2500
0 1 0 0 16.3100 0.2500
0 1 0 0 16.6430 0.2500
0 1 0 0 18.9020 0.2500
0 1 0 0 16.0530 0.2500
0 1 0 0 16.4880 0.2500
0 1 0 0 16.0320 0.2500
0 1 0 0 16.4740 0.2500
0 1 0 0 16.4880 0.2500
4 1 0 0 16.2640 0.2500
5 1 0 0 15.5420 0.2500
5 1 0 0 15.6640 0.2500
5 1 0 0 15.4550 0.2500
137 1 0 0 16.7710 0.2500
168 1 0 0 18.4230 0.2500
168 1 0 0 18.6220 0.2500
168 1 0 0 17.5380 0.2500
168 1 0 0 17.8720 0.2500
168 1 0 0 17.6860 0.2500
168 1 0 0 18.4740 0.2500
168 1 0 0 18.4640 0.2500
168 1 0 0 18.4870 0.2500
179 1 0 0 16.3890 0.2500
0 1 0 0 16.5350 0.2500
0 1 0 0 16.1800 0.2500
0 1 0 0 16.4260 0.2500
0 1 0 0 16.1380 0.2500
6 0 0 1 100.0550 0.0000
6 1 0 0 17.6050 0.2500
0 1 0 0 16.5270 0.2500
0 1 0 0 16.4030 0.2500
0 1 0 0 16.5870 0.2500
6 1 0 0 18.1520 0.2500
6 1 0 0 18.0800 0.2500
6 1 0 0 17.8230 0.2500
12 1 0 0 18.1670 0.2500
12 1 0 0 17.0600 0.2500
12 1 0 0 18.4440 0.2500
World_id: 0 Success: 1 Collided: 0 Timeout: 0 Time: 16.0310 Nav_Metric: 0.2500
